<roblox xmlns:xmime="http://www.w3.org/2005/05/xmlmime" xmlns:xsi="http://www.w3.org/2001/XMLSchema-instance" xsi:noNamespaceSchemaLocation="http://www.roblox.com/roblox.xsd" version="4">
	<External>null</External>
	<External>nil</External>
	<Item class="Model" referent="RBX00000001">
		<Properties>
			<string name="Name">Shrine</string>
			<token name="LevelOfDetail">0</token>
			<CoordinateFrame name="WorldPivot"><X>-20.7832</X><Y>33.8407</Y><Z>-49.409</Z><R00>1</R00><R01>0</R01><R02>0</R02><R10>0</R10><R11>1</R11><R12>0</R12><R20>0</R20><R21>0</R21><R22>1</R22></CoordinateFrame>
		</Properties>
		<Item class="Part" referent="RBX00000002">
			<Properties>
				<string name="Name">Part</string>
				<bool name="Anchored">true</bool>
				<bool name="CanCollide">false</bool>
				<bool name="CastShadow">true</bool>
				<Vector3 name="Size"><X>2.64899</X><Y>5.29797</Y><Z>2.64899</Z></Vector3>
				<CoordinateFrame name="CFrame"><X>-29.994</X><Y>51.9662</Y><Z>-52.4874</Z><R00>-1</R00><R01>0</R01><R02>0</R02><R10>0</R10><R11>1</R11><R12>0</R12><R20>0</R20><R21>0</R21><R22>-1</R22></CoordinateFrame>
				<Color3 name="Color"><R>0.639216</R><G>0.545098</G><B>0.454902</B></Color3>
				<token name="Material">256</token>
				<float name="Transparency">0</float>
				<float name="Reflectance">0</float>
				<token name="TopSurface">0</token>
				<token name="BottomSurface">0</token>
				<token name="FrontSurface">0</token>
				<token name="BackSurface">0</token>
				<token name="LeftSurface">0</token>
				<token name="RightSurface">0</token>
				<bool name="Locked">false</bool>
				<bool name="Massless">false</bool>
			</Properties>
		</Item>
		<Item class="Part" referent="RBX00000003">
			<Properties>
				<string name="Name">Part</string>
				<bool name="Anchored">true</bool>
				<bool name="CanCollide">false</bool>
				<bool name="CastShadow">true</bool>
				<Vector3 name="Size"><X>2.54965</X><Y>3.26156</Y><Z>4.69643</Z></Vector3>
				<CoordinateFrame name="CFrame"><X>-31.667</X><Y>48.1091</Y><Z>-36.5531</Z><R00>0.778548</R00><R01>0.452558</R01><R02>-0.434803</R02><R10>-0.165463</R10><R11>0.816325</R11><R12>0.553385</R12><R20>0.60538</R20><R21>-0.358893</R21><R22>0.71043</R22></CoordinateFrame>
				<Color3 name="Color"><R>0.541176</R><G>0.376471</G><B>0.309804</B></Color3>
				<token name="Material">256</token>
				<float name="Transparency">0</float>
				<float name="Reflectance">0</float>
				<token name="TopSurface">0</token>
				<token name="BottomSurface">0</token>
				<token name="FrontSurface">0</token>
				<token name="BackSurface">0</token>
				<token name="LeftSurface">0</token>
				<token name="RightSurface">0</token>
				<bool name="Locked">false</bool>
				<bool name="Massless">false</bool>
			</Properties>
		</Item>
		<Item class="Part" referent="RBX00000004">
			<Properties>
				<string name="Name">Part</string>
				<bool name="Anchored">true</bool>
				<bool name="CanCollide">false</bool>
				<bool name="CastShadow">true</bool>
				<Vector3 name="Size"><X>2.54965</X><Y>3.26156</Y><Z>4.69643</Z></Vector3>
				<CoordinateFrame name="CFrame"><X>-31.6021</X><Y>40.3362</Y><Z>-36.5906</Z><R00>0.741719</R00><R01>-0.407145</R01><R02>-0.532997</R02><R10>0.239087</R10><R11>0.90297</R11><R12>-0.357046</R12><R20>0.62665</R20><R21>0.137395</R21><R22>0.767094</R22></CoordinateFrame>
				<Color3 name="Color"><R>0.541176</R><G>0.376471</G><B>0.309804</B></Color3>
				<token name="Material">256</token>
				<float name="Transparency">0</float>
				<float name="Reflectance">0</float>
				<token name="TopSurface">0</token>
				<token name="BottomSurface">0</token>
				<token name="FrontSurface">0</token>
				<token name="BackSurface">0</token>
				<token name="LeftSurface">0</token>
				<token name="RightSurface">0</token>
				<bool name="Locked">false</bool>
				<bool name="Massless">false</bool>
			</Properties>
		</Item>
		<Item class="Part" referent="RBX00000005">
			<Properties>
				<string name="Name">Part</string>
				<bool name="Anchored">true</bool>
				<bool name="CanCollide">false</bool>
				<bool name="CastShadow">true</bool>
				<Vector3 name="Size"><X>2.54965</X><Y>3.26156</Y><Z>4.16664</Z></Vector3>
				<CoordinateFrame name="CFrame"><X>-31.0132</X><Y>44.0836</Y><Z>-36.8393</Z><R00>0.801319</R00><R01>0.294751</R01><R02>-0.520586</R02><R10>-0.0845601</R10><R11>0.917269</R11><R12>0.389189</R12><R20>0.592231</R20><R21>-0.267843</R21><R22>0.759949</R22></CoordinateFrame>
				<Color3 name="Color"><R>0.541176</R><G>0.376471</G><B>0.309804</B></Color3>
				<token name="Material">256</token>
				<float name="Transparency">0</float>
				<float name="Reflectance">0</float>
				<token name="TopSurface">0</token>
				<token name="BottomSurface">0</token>
				<token name="FrontSurface">0</token>
				<token name="BackSurface">0</token>
				<token name="LeftSurface">0</token>
				<token name="RightSurface">0</token>
				<bool name="Locked">false</bool>
				<bool name="Massless">false</bool>
			</Properties>
		</Item>
		<Item class="Part" referent="RBX00000006">
			<Properties>
				<string name="Name">Part</string>
				<bool name="Anchored">true</bool>
				<bool name="CanCollide">false</bool>
				<bool name="CastShadow">true</bool>
				<Vector3 name="Size"><X>1.95363</X><Y>2.29027</Y><Z>5.42491</Z></Vector3>
				<CoordinateFrame name="CFrame"><X>-31.779</X><Y>40.1888</Y><Z>-36.3073</Z><R00>0.741719</R00><R01>-0.407145</R01><R02>-0.532997</R02><R10>0.239087</R10><R11>0.90297</R11><R12>-0.357046</R12><R20>0.62665</R20><R21>0.137395</R21><R22>0.767094</R22></CoordinateFrame>
				<Color3 name="Color"><R>0.541176</R><G>0.376471</G><B>0.309804</B></Color3>
				<token name="Material">256</token>
				<float name="Transparency">0</float>
				<float name="Reflectance">0</float>
				<token name="TopSurface">0</token>
				<token name="BottomSurface">0</token>
				<token name="FrontSurface">0</token>
				<token name="BackSurface">0</token>
				<token name="LeftSurface">0</token>
				<token name="RightSurface">0</token>
				<bool name="Locked">false</bool>
				<bool name="Massless">false</bool>
			</Properties>
		</Item>
		<Item class="Part" referent="RBX00000007">
			<Properties>
				<string name="Name">Part</string>
				<bool name="Anchored">true</bool>
				<bool name="CanCollide">false</bool>
				<bool name="CastShadow">true</bool>
				<Vector3 name="Size"><X>2.43376</X><Y>2.42824</Y><Z>16.6114</Z></Vector3>
				<CoordinateFrame name="CFrame"><X>-32.5077</X><Y>42.3186</Y><Z>-31.2659</Z><R00>0.859715</R00><R01>-0.495078</R01><R02>-0.125653</R02><R10>0.225193</R10><R11>0.588192</R11><R12>-0.776736</R12><R20>0.458453</R20><R21>0.639475</R21><R22>0.617165</R22></CoordinateFrame>
				<Color3 name="Color"><R>0</R><G>0.0509804</G><B>0.152941</B></Color3>
				<token name="Material">256</token>
				<float name="Transparency">0</float>
				<float name="Reflectance">0</float>
				<token name="TopSurface">0</token>
				<token name="BottomSurface">0</token>
				<token name="FrontSurface">0</token>
				<token name="BackSurface">0</token>
				<token name="LeftSurface">0</token>
				<token name="RightSurface">0</token>
				<bool name="Locked">false</bool>
				<bool name="Massless">false</bool>
			</Properties>
		</Item>
		<Item class="Part" referent="RBX00000008">
			<Properties>
				<string name="Name">Part</string>
				<bool name="Anchored">true</bool>
				<bool name="CanCollide">false</bool>
				<bool name="CastShadow">true</bool>
				<Vector3 name="Size"><X>1.92278</X><Y>3.84556</Y><Z>1.92278</Z></Vector3>
				<CoordinateFrame name="CFrame"><X>-29.2699</X><Y>52.4645</Y><Z>-48.0338</Z><R00>-1</R00><R01>0</R01><R02>0</R02><R10>0</R10><R11>0.984812</R11><R12>0.173621</R12><R20>0</R20><R21>0.173621</R21><R22>-0.984813</R22></CoordinateFrame>
				<Color3 name="Color"><R>0.639216</R><G>0.545098</G><B>0.454902</B></Color3>
				<token name="Material">256</token>
				<float name="Transparency">0</float>
				<float name="Reflectance">0</float>
				<token name="TopSurface">0</token>
				<token name="BottomSurface">0</token>
				<token name="FrontSurface">0</token>
				<token name="BackSurface">0</token>
				<token name="LeftSurface">0</token>
				<token name="RightSurface">0</token>
				<bool name="Locked">false</bool>
				<bool name="Massless">false</bool>
			</Properties>
		</Item>
		<Item class="Part" referent="RBX00000009">
			<Properties>
				<string name="Name">Part</string>
				<bool name="Anchored">true</bool>
				<bool name="CanCollide">false</bool>
				<bool name="CastShadow">true</bool>
				<Vector3 name="Size"><X>2.89181</X><Y>5.76155</Y><Z>2.19645</Z></Vector3>
				<CoordinateFrame name="CFrame"><X>-29.1969</X><Y>54.2348</Y><Z>-31.3274</Z><R00>0.932874</R00><R01>-0.335302</R01><R02>-0.131596</R02><R10>0.267725</R10><R11>0.889854</R11><R12>-0.369437</R12><R20>0.240975</R20><R21>0.309407</R21><R22>0.919891</R22></CoordinateFrame>
				<Color3 name="Color"><R>0.639216</R><G>0.545098</G><B>0.454902</B></Color3>
				<token name="Material">256</token>
				<float name="Transparency">0</float>
				<float name="Reflectance">0</float>
				<token name="TopSurface">0</token>
				<token name="BottomSurface">0</token>
				<token name="FrontSurface">0</token>
				<token name="BackSurface">0</token>
				<token name="LeftSurface">0</token>
				<token name="RightSurface">0</token>
				<bool name="Locked">false</bool>
				<bool name="Massless">false</bool>
			</Properties>
		</Item>
		<Item class="Part" referent="RBX0000000A">
			<Properties>
				<string name="Name">Part</string>
				<bool name="Anchored">true</bool>
				<bool name="CanCollide">false</bool>
				<bool name="CastShadow">true</bool>
				<Vector3 name="Size"><X>2.43376</X><Y>2.42824</Y><Z>16.6114</Z></Vector3>
				<CoordinateFrame name="CFrame"><X>-29.9987</X><Y>42.7558</Y><Z>-30.3124</Z><R00>0.991446</R00><R01>-0.117316</R01><R02>-0.0571961</R02><R10>0.0338054</R10><R11>0.654102</R11><R12>-0.75565</R12><R20>0.126062</R20><R21>0.747253</R21><R22>0.652473</R22></CoordinateFrame>
				<Color3 name="Color"><R>0</R><G>0.0509804</G><B>0.152941</B></Color3>
				<token name="Material">256</token>
				<float name="Transparency">0</float>
				<float name="Reflectance">0</float>
				<token name="TopSurface">0</token>
				<token name="BottomSurface">0</token>
				<token name="FrontSurface">0</token>
				<token name="BackSurface">0</token>
				<token name="LeftSurface">0</token>
				<token name="RightSurface">0</token>
				<bool name="Locked">false</bool>
				<bool name="Massless">false</bool>
			</Properties>
		</Item>
		<Item class="Part" referent="RBX0000000B">
			<Properties>
				<string name="Name">Part</string>
				<bool name="Anchored">true</bool>
				<bool name="CanCollide">false</bool>
				<bool name="CastShadow">true</bool>
				<Vector3 name="Size"><X>3.57613</X><Y>5.84985</Y><Z>2.7704</Z></Vector3>
				<CoordinateFrame name="CFrame"><X>-30.8136</X><Y>44.8469</Y><Z>-39.6572</Z><R00>0.59134</R00><R01>-0.499288</R01><R02>0.633268</R02><R10>0.789407</R10><R11>0.518861</R11><R12>-0.328055</R12><R20>-0.164784</R20><R21>0.693898</R21><R22>0.700965</R22></CoordinateFrame>
				<Color3 name="Color"><R>0.639216</R><G>0.545098</G><B>0.454902</B></Color3>
				<token name="Material">256</token>
				<float name="Transparency">0</float>
				<float name="Reflectance">0</float>
				<token name="TopSurface">0</token>
				<token name="BottomSurface">0</token>
				<token name="FrontSurface">0</token>
				<token name="BackSurface">0</token>
				<token name="LeftSurface">0</token>
				<token name="RightSurface">0</token>
				<bool name="Locked">false</bool>
				<bool name="Massless">false</bool>
			</Properties>
		</Item>
		<Item class="Part" referent="RBX0000000C">
			<Properties>
				<string name="Name">Part</string>
				<bool name="Anchored">true</bool>
				<bool name="CanCollide">false</bool>
				<bool name="CastShadow">true</bool>
				<Vector3 name="Size"><X>2.54965</X><Y>3.26156</Y><Z>4.16664</Z></Vector3>
				<CoordinateFrame name="CFrame"><X>-31.7389</X><Y>47.5935</Y><Z>-44.217</Z><R00>0.801319</R00><R01>0.294751</R01><R02>-0.520586</R02><R10>-0.0845601</R10><R11>0.917269</R11><R12>0.389189</R12><R20>0.592231</R20><R21>-0.267843</R21><R22>0.759949</R22></CoordinateFrame>
				<Color3 name="Color"><R>0.541176</R><G>0.376471</G><B>0.309804</B></Color3>
				<token name="Material">256</token>
				<float name="Transparency">0</float>
				<float name="Reflectance">0</float>
				<token name="TopSurface">0</token>
				<token name="BottomSurface">0</token>
				<token name="FrontSurface">0</token>
				<token name="BackSurface">0</token>
				<token name="LeftSurface">0</token>
				<token name="RightSurface">0</token>
				<bool name="Locked">false</bool>
				<bool name="Massless">false</bool>
			</Properties>
		</Item>
		<Item class="Part" referent="RBX0000000D">
			<Properties>
				<string name="Name">Part</string>
				<bool name="Anchored">true</bool>
				<bool name="CanCollide">false</bool>
				<bool name="CastShadow">true</bool>
				<Vector3 name="Size"><X>1.95363</X><Y>2.29027</Y><Z>5.42491</Z></Vector3>
				<CoordinateFrame name="CFrame"><X>-32.164</X><Y>43.7718</Y><Z>-43.2944</Z><R00>0.913534</R00><R01>0.0846091</R01><R02>-0.397865</R02><R10>-3.55542e-05</R10><R11>0.978144</R11><R12>0.207928</R12><R20>0.406762</R20><R21>-0.189935</R21><R22>0.893571</R22></CoordinateFrame>
				<Color3 name="Color"><R>0.541176</R><G>0.376471</G><B>0.309804</B></Color3>
				<token name="Material">256</token>
				<float name="Transparency">0</float>
				<float name="Reflectance">0</float>
				<token name="TopSurface">0</token>
				<token name="BottomSurface">0</token>
				<token name="FrontSurface">0</token>
				<token name="BackSurface">0</token>
				<token name="LeftSurface">0</token>
				<token name="RightSurface">0</token>
				<bool name="Locked">false</bool>
				<bool name="Massless">false</bool>
			</Properties>
		</Item>
		<Item class="Part" referent="RBX0000000E">
			<Properties>
				<string name="Name">Part</string>
				<bool name="Anchored">true</bool>
				<bool name="CanCollide">false</bool>
				<bool name="CastShadow">true</bool>
				<Vector3 name="Size"><X>2.54965</X><Y>3.26156</Y><Z>4.69643</Z></Vector3>
				<CoordinateFrame name="CFrame"><X>-32.0273</X><Y>43.7176</Y><Z>-43.6286</Z><R00>0.913534</R00><R01>0.0846091</R01><R02>-0.397865</R02><R10>-3.55542e-05</R10><R11>0.978144</R11><R12>0.207928</R12><R20>0.406762</R20><R21>-0.189935</R21><R22>0.893571</R22></CoordinateFrame>
				<Color3 name="Color"><R>0.541176</R><G>0.376471</G><B>0.309804</B></Color3>
				<token name="Material">256</token>
				<float name="Transparency">0</float>
				<float name="Reflectance">0</float>
				<token name="TopSurface">0</token>
				<token name="BottomSurface">0</token>
				<token name="FrontSurface">0</token>
				<token name="BackSurface">0</token>
				<token name="LeftSurface">0</token>
				<token name="RightSurface">0</token>
				<bool name="Locked">false</bool>
				<bool name="Massless">false</bool>
			</Properties>
		</Item>
		<Item class="Part" referent="RBX0000000F">
			<Properties>
				<string name="Name">Part</string>
				<bool name="Anchored">true</bool>
				<bool name="CanCollide">false</bool>
				<bool name="CastShadow">true</bool>
				<Vector3 name="Size"><X>2.89181</X><Y>5.76155</Y><Z>2.19645</Z></Vector3>
				<CoordinateFrame name="CFrame"><X>-33.0913</X><Y>47.0656</Y><Z>-37.1827</Z><R00>0.59131</R00><R01>-0.713699</R01><R02>0.375483</R02><R10>0.789416</R10><R11>0.607433</R11><R12>-0.0885935</R12><R20>-0.164851</R20><R21>0.348798</R21><R22>0.922585</R22></CoordinateFrame>
				<Color3 name="Color"><R>0.639216</R><G>0.545098</G><B>0.454902</B></Color3>
				<token name="Material">256</token>
				<float name="Transparency">0</float>
				<float name="Reflectance">0</float>
				<token name="TopSurface">0</token>
				<token name="BottomSurface">0</token>
				<token name="FrontSurface">0</token>
				<token name="BackSurface">0</token>
				<token name="LeftSurface">0</token>
				<token name="RightSurface">0</token>
				<bool name="Locked">false</bool>
				<bool name="Massless">false</bool>
			</Properties>
		</Item>
		<Item class="Part" referent="RBX00000010">
			<Properties>
				<string name="Name">Part</string>
				<bool name="Anchored">true</bool>
				<bool name="CanCollide">false</bool>
				<bool name="CastShadow">true</bool>
				<Vector3 name="Size"><X>1.95363</X><Y>2.29027</Y><Z>5.42491</Z></Vector3>
				<CoordinateFrame name="CFrame"><X>-31.8267</X><Y>48.2908</Y><Z>-36.2798</Z><R00>0.778548</R00><R01>0.452558</R01><R02>-0.434803</R02><R10>-0.165463</R10><R11>0.816325</R11><R12>0.553385</R12><R20>0.60538</R20><R21>-0.358893</R21><R22>0.71043</R22></CoordinateFrame>
				<Color3 name="Color"><R>0.541176</R><G>0.376471</G><B>0.309804</B></Color3>
				<token name="Material">256</token>
				<float name="Transparency">0</float>
				<float name="Reflectance">0</float>
				<token name="TopSurface">0</token>
				<token name="BottomSurface">0</token>
				<token name="FrontSurface">0</token>
				<token name="BackSurface">0</token>
				<token name="LeftSurface">0</token>
				<token name="RightSurface">0</token>
				<bool name="Locked">false</bool>
				<bool name="Massless">false</bool>
			</Properties>
		</Item>
		<Item class="Part" referent="RBX00000011">
			<Properties>
				<string name="Name">Part</string>
				<bool name="Anchored">true</bool>
				<bool name="CanCollide">false</bool>
				<bool name="CastShadow">true</bool>
				<Vector3 name="Size"><X>1.95363</X><Y>2.29027</Y><Z>6.94807</Z></Vector3>
				<CoordinateFrame name="CFrame"><X>-31.4935</X><Y>44.4232</Y><Z>-36.1223</Z><R00>0.801319</R00><R01>0.294751</R01><R02>-0.520586</R02><R10>-0.0845601</R10><R11>0.917269</R11><R12>0.389189</R12><R20>0.592231</R20><R21>-0.267843</R21><R22>0.759949</R22></CoordinateFrame>
				<Color3 name="Color"><R>0.541176</R><G>0.376471</G><B>0.309804</B></Color3>
				<token name="Material">256</token>
				<float name="Transparency">0</float>
				<float name="Reflectance">0</float>
				<token name="TopSurface">0</token>
				<token name="BottomSurface">0</token>
				<token name="FrontSurface">0</token>
				<token name="BackSurface">0</token>
				<token name="LeftSurface">0</token>
				<token name="RightSurface">0</token>
				<bool name="Locked">false</bool>
				<bool name="Massless">false</bool>
			</Properties>
		</Item>
		<Item class="Part" referent="RBX00000012">
			<Properties>
				<string name="Name">Part</string>
				<bool name="Anchored">true</bool>
				<bool name="CanCollide">false</bool>
				<bool name="CastShadow">true</bool>
				<Vector3 name="Size"><X>1.92278</X><Y>3.84556</Y><Z>1.92278</Z></Vector3>
				<CoordinateFrame name="CFrame"><X>-28.1596</X><Y>55.0242</Y><Z>-47.5824</Z><R00>-0.707084</R00><R01>0.70713</R01><R02>-3.39374e-06</R02><R10>0.696382</R10><R11>0.696337</R11><R12>0.173687</R12><R20>0.122822</R20><R21>0.122809</R21><R22>-0.984801</R22></CoordinateFrame>
				<Color3 name="Color"><R>0.639216</R><G>0.545098</G><B>0.454902</B></Color3>
				<token name="Material">256</token>
				<float name="Transparency">0</float>
				<float name="Reflectance">0</float>
				<token name="TopSurface">0</token>
				<token name="BottomSurface">0</token>
				<token name="FrontSurface">0</token>
				<token name="BackSurface">0</token>
				<token name="LeftSurface">0</token>
				<token name="RightSurface">0</token>
				<bool name="Locked">false</bool>
				<bool name="Massless">false</bool>
			</Properties>
		</Item>
		<Item class="Part" referent="RBX00000013">
			<Properties>
				<string name="Name">Part</string>
				<bool name="Anchored">true</bool>
				<bool name="CanCollide">false</bool>
				<bool name="CastShadow">true</bool>
				<Vector3 name="Size"><X>1.95363</X><Y>2.29027</Y><Z>6.94807</Z></Vector3>
				<CoordinateFrame name="CFrame"><X>-32.2192</X><Y>47.9331</Y><Z>-43.4999</Z><R00>0.801319</R00><R01>0.294751</R01><R02>-0.520586</R02><R10>-0.0845601</R10><R11>0.917269</R11><R12>0.389189</R12><R20>0.592231</R20><R21>-0.267843</R21><R22>0.759949</R22></CoordinateFrame>
				<Color3 name="Color"><R>0.541176</R><G>0.376471</G><B>0.309804</B></Color3>
				<token name="Material">256</token>
				<float name="Transparency">0</float>
				<float name="Reflectance">0</float>
				<token name="TopSurface">0</token>
				<token name="BottomSurface">0</token>
				<token name="FrontSurface">0</token>
				<token name="BackSurface">0</token>
				<token name="LeftSurface">0</token>
				<token name="RightSurface">0</token>
				<bool name="Locked">false</bool>
				<bool name="Massless">false</bool>
			</Properties>
		</Item>
		<Item class="Part" referent="RBX00000014">
			<Properties>
				<string name="Name">Part</string>
				<bool name="Anchored">true</bool>
				<bool name="CanCollide">false</bool>
				<bool name="CastShadow">true</bool>
				<Vector3 name="Size"><X>2.40616</X><Y>2.75936</Y><Z>3.64236</Z></Vector3>
				<CoordinateFrame name="CFrame"><X>-29.6085</X><Y>44.4813</Y><Z>-55.9178</Z><R00>0.866037</R00><R01>-9.6336e-06</R01><R02>0.49998</R02><R10>0.249987</R10><R11>0.866037</R11><R12>-0.432997</R12><R20>-0.432997</R20><R21>0.49998</R21><R22>0.750023</R22></CoordinateFrame>
				<Color3 name="Color"><R>0.972549</R><G>0.972549</G><B>0.972549</B></Color3>
				<token name="Material">256</token>
				<float name="Transparency">0</float>
				<float name="Reflectance">0</float>
				<token name="TopSurface">0</token>
				<token name="BottomSurface">0</token>
				<token name="FrontSurface">0</token>
				<token name="BackSurface">0</token>
				<token name="LeftSurface">0</token>
				<token name="RightSurface">0</token>
				<bool name="Locked">false</bool>
				<bool name="Massless">false</bool>
			</Properties>
		</Item>
		<Item class="Part" referent="RBX00000015">
			<Properties>
				<string name="Name">Part</string>
				<bool name="Anchored">true</bool>
				<bool name="CanCollide">false</bool>
				<bool name="CastShadow">true</bool>
				<Vector3 name="Size"><X>2.23491</X><Y>4.46982</Y><Z>2.23491</Z></Vector3>
				<CoordinateFrame name="CFrame"><X>-28.6153</X><Y>50.4054</Y><Z>-46.8169</Z><R00>-1</R00><R01>0</R01><R02>0</R02><R10>0</R10><R11>0.788017</R11><R12>0.615654</R12><R20>0</R20><R21>0.615654</R21><R22>-0.788017</R22></CoordinateFrame>
				<Color3 name="Color"><R>0.639216</R><G>0.545098</G><B>0.454902</B></Color3>
				<token name="Material">256</token>
				<float name="Transparency">0</float>
				<float name="Reflectance">0</float>
				<token name="TopSurface">0</token>
				<token name="BottomSurface">0</token>
				<token name="FrontSurface">0</token>
				<token name="BackSurface">0</token>
				<token name="LeftSurface">0</token>
				<token name="RightSurface">0</token>
				<bool name="Locked">false</bool>
				<bool name="Massless">false</bool>
			</Properties>
		</Item>
		<Item class="Part" referent="RBX00000016">
			<Properties>
				<string name="Name">Part</string>
				<bool name="Anchored">true</bool>
				<bool name="CanCollide">false</bool>
				<bool name="CastShadow">true</bool>
				<Vector3 name="Size"><X>2.64899</X><Y>5.29797</Y><Z>2.64899</Z></Vector3>
				<CoordinateFrame name="CFrame"><X>-28.4643</X><Y>55.5472</Y><Z>-52.4874</Z><R00>-0.707134</R00><R01>0.707079</R01><R02>0</R02><R10>0.707079</R10><R11>0.707134</R11><R12>0</R12><R20>0</R20><R21>0</R21><R22>-1</R22></CoordinateFrame>
				<Color3 name="Color"><R>0.639216</R><G>0.545098</G><B>0.454902</B></Color3>
				<token name="Material">256</token>
				<float name="Transparency">0</float>
				<float name="Reflectance">0</float>
				<token name="TopSurface">0</token>
				<token name="BottomSurface">0</token>
				<token name="FrontSurface">0</token>
				<token name="BackSurface">0</token>
				<token name="LeftSurface">0</token>
				<token name="RightSurface">0</token>
				<bool name="Locked">false</bool>
				<bool name="Massless">false</bool>
			</Properties>
		</Item>
		<Item class="Part" referent="RBX00000017">
			<Properties>
				<string name="Name">Part</string>
				<bool name="Anchored">true</bool>
				<bool name="CanCollide">false</bool>
				<bool name="CastShadow">true</bool>
				<Vector3 name="Size"><X>0.750546</X><Y>0.772621</Y><Z>0.220749</Z></Vector3>
				<CoordinateFrame name="CFrame"><X>-30.5592</X><Y>45.2357</Y><Z>-57.4451</Z><R00>0.906301</R00><R01>-1.29119e-05</R01><R02>0.422634</R02><R10>0.211313</R10><R11>0.866044</R11><R12>-0.453116</R12><R20>-0.366013</R20><R21>0.499968</R21><R22>0.784899</R22></CoordinateFrame>
				<Color3 name="Color"><R>0.207843</R><G>0.243137</G><B>0.231373</B></Color3>
				<token name="Material">256</token>
				<float name="Transparency">0</float>
				<float name="Reflectance">0</float>
				<token name="TopSurface">0</token>
				<token name="BottomSurface">0</token>
				<token name="FrontSurface">0</token>
				<token name="BackSurface">0</token>
				<token name="LeftSurface">0</token>
				<token name="RightSurface">0</token>
				<bool name="Locked">false</bool>
				<bool name="Massless">false</bool>
			</Properties>
		</Item>
		<Item class="Part" referent="RBX00000018">
			<Properties>
				<string name="Name">Part</string>
				<bool name="Anchored">true</bool>
				<bool name="CanCollide">false</bool>
				<bool name="CastShadow">true</bool>
				<Vector3 name="Size"><X>0.485647</X><Y>0.397348</Y><Z>0.220749</Z></Vector3>
				<CoordinateFrame name="CFrame"><X>-27.7498</X><Y>40.1632</Y><Z>-57.9941</Z><R00>0.991446</R00><R01>3.73684e-05</R01><R02>-0.130515</R02><R10>-0.0499762</R10><R11>0.923892</R11><R12>-0.379377</R12><R20>0.120567</R20><R21>0.382654</R21><R22>0.915991</R22></CoordinateFrame>
				<Color3 name="Color"><R>0.0666667</R><G>0.0666667</G><B>0.0666667</B></Color3>
				<token name="Material">256</token>
				<float name="Transparency">0</float>
				<float name="Reflectance">0</float>
				<token name="TopSurface">0</token>
				<token name="BottomSurface">0</token>
				<token name="FrontSurface">0</token>
				<token name="BackSurface">0</token>
				<token name="LeftSurface">0</token>
				<token name="RightSurface">0</token>
				<bool name="Locked">false</bool>
				<bool name="Massless">false</bool>
			</Properties>
		</Item>
		<Item class="Part" referent="RBX00000019">
			<Properties>
				<string name="Name">Part</string>
				<bool name="Anchored">true</bool>
				<bool name="CanCollide">false</bool>
				<bool name="CastShadow">true</bool>
				<Vector3 name="Size"><X>0.750546</X><Y>0.772621</Y><Z>0.220749</Z></Vector3>
				<CoordinateFrame name="CFrame"><X>-27.7527</X><Y>40.1446</Y><Z>-57.9781</Z><R00>0.991446</R00><R01>3.73684e-05</R01><R02>-0.130515</R02><R10>-0.0499762</R10><R11>0.923892</R11><R12>-0.379377</R12><R20>0.120567</R20><R21>0.382654</R21><R22>0.915991</R22></CoordinateFrame>
				<Color3 name="Color"><R>0.207843</R><G>0.243137</G><B>0.231373</B></Color3>
				<token name="Material">256</token>
				<float name="Transparency">0</float>
				<float name="Reflectance">0</float>
				<token name="TopSurface">0</token>
				<token name="BottomSurface">0</token>
				<token name="FrontSurface">0</token>
				<token name="BackSurface">0</token>
				<token name="LeftSurface">0</token>
				<token name="RightSurface">0</token>
				<bool name="Locked">false</bool>
				<bool name="Massless">false</bool>
			</Properties>
		</Item>
		<Item class="Part" referent="RBX0000001A">
			<Properties>
				<string name="Name">Part</string>
				<bool name="Anchored">true</bool>
				<bool name="CanCollide">false</bool>
				<bool name="CastShadow">true</bool>
				<Vector3 name="Size"><X>3.81896</X><Y>4.34875</Y><Z>3.64236</Z></Vector3>
				<CoordinateFrame name="CFrame"><X>-28.01</X><Y>39.4014</Y><Z>-56.3319</Z><R00>0.991442</R00><R01>-2.45497e-05</R01><R02>-0.130547</R02><R10>-0.0652548</R10><R11>0.866015</R11><R12>-0.495742</R12><R20>0.113068</R20><R21>0.500018</R21><R22>0.858602</R22></CoordinateFrame>
				<Color3 name="Color"><R>0.972549</R><G>0.972549</G><B>0.972549</B></Color3>
				<token name="Material">256</token>
				<float name="Transparency">0</float>
				<float name="Reflectance">0</float>
				<token name="TopSurface">0</token>
				<token name="BottomSurface">0</token>
				<token name="FrontSurface">0</token>
				<token name="BackSurface">0</token>
				<token name="LeftSurface">0</token>
				<token name="RightSurface">0</token>
				<bool name="Locked">false</bool>
				<bool name="Massless">false</bool>
			</Properties>
		</Item>
		<Item class="Part" referent="RBX0000001B">
			<Properties>
				<string name="Name">Part</string>
				<bool name="Anchored">true</bool>
				<bool name="CanCollide">false</bool>
				<bool name="CastShadow">true</bool>
				<Vector3 name="Size"><X>0.485647</X><Y>0.397348</Y><Z>0.220749</Z></Vector3>
				<CoordinateFrame name="CFrame"><X>-30.5685</X><Y>45.2553</Y><Z>-57.457</Z><R00>0.906301</R00><R01>-1.29119e-05</R01><R02>0.422634</R02><R10>0.211313</R10><R11>0.866044</R11><R12>-0.453116</R12><R20>-0.366013</R20><R21>0.499968</R21><R22>0.784899</R22></CoordinateFrame>
				<Color3 name="Color"><R>0.0666667</R><G>0.0666667</G><B>0.0666667</B></Color3>
				<token name="Material">256</token>
				<float name="Transparency">0</float>
				<float name="Reflectance">0</float>
				<token name="TopSurface">0</token>
				<token name="BottomSurface">0</token>
				<token name="FrontSurface">0</token>
				<token name="BackSurface">0</token>
				<token name="LeftSurface">0</token>
				<token name="RightSurface">0</token>
				<bool name="Locked">false</bool>
				<bool name="Massless">false</bool>
			</Properties>
		</Item>
		<Item class="Part" referent="RBX0000001C">
			<Properties>
				<string name="Name">Part</string>
				<bool name="Anchored">true</bool>
				<bool name="CanCollide">false</bool>
				<bool name="CastShadow">true</bool>
				<Vector3 name="Size"><X>1.46726</X><Y>1.72009</Y><Z>4.07433</Z></Vector3>
				<CoordinateFrame name="CFrame"><X>-32.0947</X><Y>37.8525</Y><Z>-40.5962</Z><R00>0.855834</R00><R01>-0.369631</R01><R02>-0.36183</R02><R10>0.239036</R10><R11>0.90298</R11><R12>-0.357057</R12><R20>0.458704</R20><R21>0.219091</R21><R22>0.861156</R22></CoordinateFrame>
				<Color3 name="Color"><R>0.541176</R><G>0.376471</G><B>0.309804</B></Color3>
				<token name="Material">256</token>
				<float name="Transparency">0</float>
				<float name="Reflectance">0</float>
				<token name="TopSurface">0</token>
				<token name="BottomSurface">0</token>
				<token name="FrontSurface">0</token>
				<token name="BackSurface">0</token>
				<token name="LeftSurface">0</token>
				<token name="RightSurface">0</token>
				<bool name="Locked">false</bool>
				<bool name="Massless">false</bool>
			</Properties>
		</Item>
		<Item class="Part" referent="RBX0000001D">
			<Properties>
				<string name="Name">Part</string>
				<bool name="Anchored">true</bool>
				<bool name="CanCollide">false</bool>
				<bool name="CastShadow">true</bool>
				<Vector3 name="Size"><X>1.91489</X><Y>2.44957</Y><Z>3.52721</Z></Vector3>
				<CoordinateFrame name="CFrame"><X>-32.009</X><Y>37.9631</Y><Z>-40.8319</Z><R00>0.855834</R00><R01>-0.369631</R01><R02>-0.36183</R02><R10>0.239036</R10><R11>0.90298</R11><R12>-0.357057</R12><R20>0.458704</R20><R21>0.219091</R21><R22>0.861156</R22></CoordinateFrame>
				<Color3 name="Color"><R>0.541176</R><G>0.376471</G><B>0.309804</B></Color3>
				<token name="Material">256</token>
				<float name="Transparency">0</float>
				<float name="Reflectance">0</float>
				<token name="TopSurface">0</token>
				<token name="BottomSurface">0</token>
				<token name="FrontSurface">0</token>
				<token name="BackSurface">0</token>
				<token name="LeftSurface">0</token>
				<token name="RightSurface">0</token>
				<bool name="Locked">false</bool>
				<bool name="Massless">false</bool>
			</Properties>
		</Item>
		<Item class="Part" referent="RBX0000001E">
			<Properties>
				<string name="Name">Part</string>
				<bool name="Anchored">true</bool>
				<bool name="CanCollide">false</bool>
				<bool name="CastShadow">true</bool>
				<Vector3 name="Size"><X>3.57613</X><Y>5.84985</Y><Z>2.7704</Z></Vector3>
				<CoordinateFrame name="CFrame"><X>-27.9216</X><Y>51.2388</Y><Z>-33.826</Z><R00>0.932878</R00><R01>-0.359828</R01><R02>0.0162044</R02><R10>0.267742</R10><R11>0.662639</R11><R12>-0.699445</R12><R20>0.240942</R20><R21>0.656835</R21><R22>0.714503</R22></CoordinateFrame>
				<Color3 name="Color"><R>0.639216</R><G>0.545098</G><B>0.454902</B></Color3>
				<token name="Material">256</token>
				<float name="Transparency">0</float>
				<float name="Reflectance">0</float>
				<token name="TopSurface">0</token>
				<token name="BottomSurface">0</token>
				<token name="FrontSurface">0</token>
				<token name="BackSurface">0</token>
				<token name="LeftSurface">0</token>
				<token name="RightSurface">0</token>
				<bool name="Locked">false</bool>
				<bool name="Massless">false</bool>
			</Properties>
		</Item>
		<Item class="Part" referent="RBX0000001F">
			<Properties>
				<string name="Name">Part</string>
				<bool name="Anchored">true</bool>
				<bool name="CanCollide">false</bool>
				<bool name="CastShadow">true</bool>
				<Vector3 name="Size"><X>2.09712</X><Y>2.95252</Y><Z>1.15893</Z></Vector3>
				<CoordinateFrame name="CFrame"><X>-27.1741</X><Y>34.2604</Y><Z>-58.8748</Z><R00>1</R00><R01>-0</R01><R02>0</R02><R10>0</R10><R11>0.991449</R11><R12>0.130498</R12><R20>-0</R20><R21>-0.130498</R21><R22>0.991449</R22></CoordinateFrame>
				<Color3 name="Color"><R>0.819608</R><G>0.745098</G><B>0.619608</B></Color3>
				<token name="Material">256</token>
				<float name="Transparency">0</float>
				<float name="Reflectance">0</float>
				<token name="TopSurface">0</token>
				<token name="BottomSurface">0</token>
				<token name="FrontSurface">0</token>
				<token name="BackSurface">0</token>
				<token name="LeftSurface">0</token>
				<token name="RightSurface">0</token>
				<bool name="Locked">false</bool>
				<bool name="Massless">false</bool>
			</Properties>
		</Item>
		<Item class="Part" referent="RBX00000020">
			<Properties>
				<string name="Name">Part</string>
				<bool name="Anchored">true</bool>
				<bool name="CanCollide">false</bool>
				<bool name="CastShadow">true</bool>
				<Vector3 name="Size"><X>2.54965</X><Y>3.26156</Y><Z>4.69643</Z></Vector3>
				<CoordinateFrame name="CFrame"><X>-32.0273</X><Y>43.7176</Y><Z>-43.6286</Z><R00>0.913534</R00><R01>0.0846091</R01><R02>-0.397865</R02><R10>-3.55542e-05</R10><R11>0.978144</R11><R12>0.207928</R12><R20>0.406762</R20><R21>-0.189935</R21><R22>0.893571</R22></CoordinateFrame>
				<Color3 name="Color"><R>0.541176</R><G>0.376471</G><B>0.309804</B></Color3>
				<token name="Material">256</token>
				<float name="Transparency">0</float>
				<float name="Reflectance">0</float>
				<token name="TopSurface">0</token>
				<token name="BottomSurface">0</token>
				<token name="FrontSurface">0</token>
				<token name="BackSurface">0</token>
				<token name="LeftSurface">0</token>
				<token name="RightSurface">0</token>
				<bool name="Locked">false</bool>
				<bool name="Massless">false</bool>
			</Properties>
		</Item>
		<Item class="Part" referent="RBX00000021">
			<Properties>
				<string name="Name">Part</string>
				<bool name="Anchored">true</bool>
				<bool name="CanCollide">false</bool>
				<bool name="CastShadow">true</bool>
				<Vector3 name="Size"><X>3.57613</X><Y>7.64343</Y><Z>2.7704</Z></Vector3>
				<CoordinateFrame name="CFrame"><X>-30.4094</X><Y>49.5902</Y><Z>-40.4535</Z><R00>0.733754</R00><R01>-0.646036</R01><R02>-0.210337</R02><R10>0.211742</R10><R11>0.511609</R11><R12>-0.832719</R12><R20>0.645577</R20><R21>0.566474</R21><R22>0.512188</R22></CoordinateFrame>
				<Color3 name="Color"><R>0.639216</R><G>0.545098</G><B>0.454902</B></Color3>
				<token name="Material">256</token>
				<float name="Transparency">0</float>
				<float name="Reflectance">0</float>
				<token name="TopSurface">0</token>
				<token name="BottomSurface">0</token>
				<token name="FrontSurface">0</token>
				<token name="BackSurface">0</token>
				<token name="LeftSurface">0</token>
				<token name="RightSurface">0</token>
				<bool name="Locked">false</bool>
				<bool name="Massless">false</bool>
			</Properties>
		</Item>
		<Item class="Part" referent="RBX00000022">
			<Properties>
				<string name="Name">Part</string>
				<bool name="Anchored">true</bool>
				<bool name="CanCollide">false</bool>
				<bool name="CastShadow">true</bool>
				<Vector3 name="Size"><X>2.89181</X><Y>5.76155</Y><Z>2.19645</Z></Vector3>
				<CoordinateFrame name="CFrame"><X>-33.5795</X><Y>52.6012</Y><Z>-37.5062</Z><R00>0.733729</R00><R01>-0.50465</R01><R02>-0.454939</R02><R10>0.21175</R10><R11>0.806072</R11><R12>-0.552639</R12><R20>0.645603</R20><R21>0.309154</R21><R22>0.698298</R22></CoordinateFrame>
				<Color3 name="Color"><R>0.639216</R><G>0.545098</G><B>0.454902</B></Color3>
				<token name="Material">256</token>
				<float name="Transparency">0</float>
				<float name="Reflectance">0</float>
				<token name="TopSurface">0</token>
				<token name="BottomSurface">0</token>
				<token name="FrontSurface">0</token>
				<token name="BackSurface">0</token>
				<token name="LeftSurface">0</token>
				<token name="RightSurface">0</token>
				<bool name="Locked">false</bool>
				<bool name="Massless">false</bool>
			</Properties>
		</Item>
		<Item class="Part" referent="RBX00000023">
			<Properties>
				<string name="Name">Part</string>
				<bool name="Anchored">true</bool>
				<bool name="CanCollide">false</bool>
				<bool name="CastShadow">true</bool>
				<Vector3 name="Size"><X>2.23491</X><Y>4.46982</Y><Z>2.23491</Z></Vector3>
				<CoordinateFrame name="CFrame"><X>-27.3247</X><Y>52.7861</Y><Z>-44.9568</Z><R00>-0.707121</R00><R01>0.707092</R01><R02>-3.618e-05</R02><R10>0.557172</R10><R11>0.557226</R11><R12>0.615677</R12><R20>0.435361</R20><R21>0.435338</R21><R22>-0.787999</R22></CoordinateFrame>
				<Color3 name="Color"><R>0.639216</R><G>0.545098</G><B>0.454902</B></Color3>
				<token name="Material">256</token>
				<float name="Transparency">0</float>
				<float name="Reflectance">0</float>
				<token name="TopSurface">0</token>
				<token name="BottomSurface">0</token>
				<token name="FrontSurface">0</token>
				<token name="BackSurface">0</token>
				<token name="LeftSurface">0</token>
				<token name="RightSurface">0</token>
				<bool name="Locked">false</bool>
				<bool name="Massless">false</bool>
			</Properties>
		</Item>
		<Item class="Part" referent="RBX00000024">
			<Properties>
				<string name="Name">Part</string>
				<bool name="Anchored">true</bool>
				<bool name="CanCollide">false</bool>
				<bool name="CastShadow">true</bool>
				<Vector3 name="Size"><X>1.91489</X><Y>2.44957</Y><Z>6.19828</Z></Vector3>
				<CoordinateFrame name="CFrame"><X>-32.1125</X><Y>31.4233</Y><Z>-50.1694</Z><R00>0.482505</R00><R01>0.184646</R01><R02>-0.856209</R02><R10>-0.0550329</R10><R11>0.981987</R11><R12>0.180758</R12><R20>0.874162</R20><R21>-0.0400968</R21><R22>0.483975</R22></CoordinateFrame>
				<Color3 name="Color"><R>0.513726</R><G>0.466667</G><B>0.415686</B></Color3>
				<token name="Material">256</token>
				<float name="Transparency">0</float>
				<float name="Reflectance">0</float>
				<token name="TopSurface">0</token>
				<token name="BottomSurface">0</token>
				<token name="FrontSurface">0</token>
				<token name="BackSurface">0</token>
				<token name="LeftSurface">0</token>
				<token name="RightSurface">0</token>
				<bool name="Locked">false</bool>
				<bool name="Massless">false</bool>
			</Properties>
		</Item>
		<Item class="Part" referent="RBX00000025">
			<Properties>
				<string name="Name">Part</string>
				<bool name="Anchored">true</bool>
				<bool name="CanCollide">false</bool>
				<bool name="CastShadow">true</bool>
				<Vector3 name="Size"><X>1.91489</X><Y>2.44957</Y><Z>6.19828</Z></Vector3>
				<CoordinateFrame name="CFrame"><X>-32.1125</X><Y>34.1633</Y><Z>-52.2494</Z><R00>0.358012</R00><R01>0.726573</R01><R02>-0.586446</R02><R10>-0.328176</R10><R11>0.68592</R11><R12>0.649472</R12><R20>0.874144</R20><R21>-0.0400609</R21><R22>0.484011</R22></CoordinateFrame>
